# Created by Octave 4.2.2, Wed Nov 14 19:04:06 2018 IST <shashikg@shashikg>
# name: Xa
# type: matrix
# rows: 1
# columns: 13
 16.666 50 83.333 33.333 66.666 16.666 50 83.333 33.33 66.66 16.666 50 83.33


# name: Ya
# type: matrix
# rows: 1
# columns: 13
 16.666 16.666 16.666 33.333 33.333 50 50 50 66.66 66.66 83.333 83.33 83.33


# name: h_actual
# type: matrix
# rows: 113
# columns: 113
 0 63.23305108883477 61.22099168151972 46.70519064455019 18.55480145800095 19.63423253212961 84.68512078353992 85.85840510506284 59.38468800272467 36.70289028843919 45.52356701313042 35.22746852342503 61.07720947393437 34.14387594385273 43.14107264198513 43.00842579268831 64.40842494867348 28.09446738181323 67.00993033887116 50.30933340849607 17.43228630543248 34.54561892224495 31.06779888743712 48.2893712915171 63.97496902194917 16.60484841444448 44.2296634297809 48.93679786508836 51.75501715126515 31.25592712349619 44.32501774709514 41.45153925288566 62.98172379356587 39.08113362851605 54.54351911248722 39.94001247916203 13.41820352864545 83.39541953912254 43.76284668438976 82.32984116438627 68.53014042961605 85.88402392154292 49.19327586100121 15.46276192517423 41.31627633698752 45.22159364757305 65.98269734096495 20.47680213288979 44.22425066390532 24.36410662368673 80.93672463955345 93.53337974753009 67.0072499747705 49.94848111747972 19.87916154011977 76.80019451887161 60.61120915661936 43.55390039890108 50.09517710880098 19.95240136087686 46.53545776660174 24.84950531115788 30.78326304898647 26.96643369159266 51.33645873809235 40.06466380010855 27.42909671320832 58.32079807725125 51.35693909996144 20.34742722687335 43.36100216785898 68.30879822704243 81.74400257780927 61.93679479829212 54.19718947101879 75.53528420990773 37.56559478457485 30.32194902000269 58.36578363223166 81.39560541056318 52.80823503872622 84.23233702571676 45.84223527004445 74.58797467808643 58.41362994261929 76.38892470003769 46.56513094747595 18.83551040985062 49.86266192255614 68.90362453537549 24.61496276686268 65.4939270265738 56.29281068651303 68.15867640950049 29.33461513515827 1.371051588593331 23.34448394024804 21.11748069474536 52.99987323360855 2.983009663184556 73.39498730399086 65.85602063043444 74.22566503461456 51.6419356808557 52.23218543599562 45.91208059383791 32.52860950576113 47.228638906207 22.34852297455599 23.67409270897116 32.42412070882354 1.228820659492299 34.25986553770898
 63.23305108883477 0 92.56504787389446 75.70709223812553 78.8987227386916 49.22724694358966 98.14560277597202 46.63589514809117 79.16306260703865 92.78993331968022 18.41359268813619 28.08312962523064 23.25333529588583 29.12669898849739 68.06821125455089 20.98852066795266 22.98357244955368 50.68989300737088 39.95716723631193 55.49557960917108 53.30441247809958 33.08505847407384 33.00067398481434 28.08757406144749 30.27516430502613 79.70684962707004 104.4007400342257 77.1092197906661 81.59546620838064 32.2559751478755 99.48600471259496 93.57964034195332 67.24045717345375 100.5769687309807 93.07060935551858 24.44735308191691 50.00317557665308 48.91445894517109 66.14902543637172 62.81041920689826 58.86062304871795 32.5993698312198 47.42631203610861 72.99680771593192 95.37894078781709 28.57406668196627 50.851012684241 53.28763975373278 34.10128089374847 66.64121064835814 83.52766614935359 40.14744166863168 22.16714139981714 18.45105130663507 44.004728932063 88.14195064393023 17.77662708574316 87.4564707156416 107.4990285475524 69.1538252809475 102.4549983936132 70.48062713977525 33.25750132594145 37.33178468259982 34.09910716993353 49.4496029024087 85.21505997690234 59.79923050990948 89.93185010052235 45.19147094598553 22.82022820329474 75.59135423419237 38.51835972830567 96.12745818965631 76.11405146123441 58.24018120208142 35.70089737353883 92.47831665367109 6.821993119811479 44.74051213118564 77.71940126750582 80.19875641839948 33.21354795305199 20.65023761882765 69.14208466686273 95.31003293486606 90.39099088418794 76.10644393218411 31.83291664119687 42.85927467075366 59.65036980652318 94.8753751546477 10.81955142265055 45.07633564225199 35.78825075571013 61.89887263754988 86.42511012009651 53.88691262732965 51.93843775545098 61.41236006445477 29.27633561069402 54.87193065428146 85.94707800856534 33.30225291755511 66.13538592816217 17.84115694234376 49.72053728570946 82.75326744281321 40.99818711069365 70.32145305294233 44.74077793107528 64.46169914430877 92.36226648196278
 61.22099168151972 92.56504787389446 0 17.47802313971693 50.49690187520745 53.55491908472956 29.56257437850888 80.65481530758538 16.61149896517634 39.78559463314573 83.24594507884214 75.07246486709032 74.1298786403117 74.09170582039191 24.84252784246234 81.95161367328781 76.84386980708607 86.23945588352396 64.8038646193943 38.56022207647958 76.10188305916112 62.47019845777574 66.96216323027801 64.63997785124201 70.55601492061341 59.37583780237883 51.75822756881856 15.69473109254987 11.28745489922991 69.04699834934988 38.26609335277865 32.2895876451861 33.97638501552434 55.12696485880379 10.52836651231658 71.69605261804391 65.9015959818485 75.1800584741049 26.51332551183549 60.52989289968974 48.25931760817629 94.33781918062697 46.37903411745502 48.0897352669196 35.77695888852232 63.99948443626027 53.73596260712748 79.41113415815775 58.46995332624889 37.34118851439785 37.83441343827604 98.98715536241457 79.75590704534697 74.15289827077174 62.32097176876021 27.23283767399336 78.1229068730598 20.92547368798827 45.31568788392756 41.30142967613585 40.42671531764018 36.37218153829836 66.88437817136936 74.28016256342485 59.83928532912285 97.42718879114325 44.02399055784912 38.34709006390232 11.90925952100709 58.66001046795722 71.0931916957226 30.01355901779846 82.64491330543343 4.618519344792369 17.2202133785318 56.56447219759383 88.52126211108114 55.82463704440437 85.74454356459098 76.45611980678804 14.97953433045102 45.83650990174604 95.88180436356645 89.37319116166159 28.00935303043019 19.6978392537155 19.47729238262781 46.12376803278427 61.46866057901482 63.98286449784365 40.48264957668218 4.458563560325986 81.79410354241551 61.23295455085284 63.50677128105342 61.68699486071929 60.11023772139542 80.3271516940187 43.38155853519231 63.75429496055006 80.5219698984847 49.66691049808662 25.92581683720712 60.67573724232997 27.85262731147158 77.50770114882512 44.61455031117157 13.99300109767466 65.6989473328039 37.55711638780306 88.05296837387068 61.12350186823268 44.06234210030478
 46.70519064455019 75.70709223812553 17.47802313971693 0 39.99032795857845 36.53485059238318 38.22050043774549 69.17031977795061 13.57992844174201 35.79392645142086 65.80748335927869 57.60064180126999 58.53687690303364 56.62522879426645 7.642103561399924 64.48547521565749 61.48395253456706 69.93163682539166 51.51461677025202 24.1193463479856 60.16090488306065 45.03580700908252 49.49109862989872 48.08578657148941 55.83863676775744 48.53788243349967 49.89114307128463 2.238252487270329 6.195684104657232 51.58416502250553 37.75999620762268 30.41270651062898 25.79772323053666 51.14688261768173 18.03829785970956 54.30045740206955 49.52649062873681 64.18222228643897 9.735192979429591 52.81800122830191 38.66483206580157 80.41746491768819 31.09377320276243 35.86633413774097 33.92923155334329 47.16087140923491 42.06643935826018 63.43794601312906 41.75864561753929 22.35955886863412 38.30634692559465 85.82660890135315 64.48594117887593 57.25615034741286 45.24685152761814 31.31909132417963 62.09434318086065 18.19155231070939 46.41762949896847 27.65048353181629 40.7035776639559 22.77286480053195 49.41589290407443 57.07230786140769 43.99858240731898 80.79303637478529 36.21747354992554 26.89468199504203 15.42324511356457 41.52819888585827 53.86012109058233 26.50130980891447 69.79173964958251 20.52243795508624 8.792412363040194 47.45969855286393 71.29858506788635 49.02735770900435 68.90630459437165 64.66594139667936 6.360917810809076 44.28078484618757 78.5366987378153 74.17350551169221 19.02279745685047 29.68391210865134 19.58768970131539 34.91050055506675 45.29903680823474 51.29378660108073 23.86027269152198 20.81635866520223 65.0185113572059 48.82260033719822 46.04134936943044 46.9350247939655 50.99388500800264 64.40213870983914 29.33244264333348 48.9275909672317 66.26901812607652 38.7721299043197 28.93563736379177 44.82092255530362 15.22451736640423 60.21384970336647 27.15516507080728 8.449617882141828 48.51958101824558 24.01833769731408 71.28861561004996 46.83514648101522 39.08303915324747
 18.55480145800095 78.8987227386916 50.49690187520745 39.99032795857845 0 30.40231690310678 77.592981780228 94.17268835108918 53.56950207018528 18.56953977268257 62.13324906242289 51.64649326755284 72.60348543697718 50.49773903094827 39.52968145094002 59.74319873939267 76.03326244342666 46.28187643026741 74.78586461114186 52.44622925627971 35.79560756655176 47.29029490220811 45.90524428418488 59.42011486644756 73.96385140296435 8.879260967319336 26.04797777119977 41.9865398500941 43.36550414588257 46.70717234649111 26.13989728350126 24.46640949849939 62.15466000699796 21.68078090535493 41.83247298307022 54.63576336208255 31.03978610918665 90.74536121066019 41.10880657598488 85.75406584964747 71.14016198575516 97.72317226382906 54.18973284294368 6.497927669697223 23.59141318382842 56.683005398968 70.69967719039336 38.66255171560007 54.05876494923328 20.83754663491791 77.81527781526133 104.9497415902197 78.9012682006319 63.53630307627807 34.99552216747757 71.29463171974076 73.29344411279574 30.22649748136726 31.54154193592595 14.65143887093593 28.14487302778442 18.21665297346209 45.64537557601867 44.53236620068635 60.45728102099198 58.19854107334913 9.287969553629674 59.50274340352959 39.12661345352059 33.77323819038116 57.27930060015811 65.43890812965091 91.45448010663897 49.99382693795149 48.64551180980202 79.24206774889618 56.02325639911779 13.92555891897864 73.35669896643878 89.51904349941981 46.32456481532974 82.81532978874634 64.31991900884779 87.44217594016008 56.26646434634766 68.32604503204522 32.72137877110684 5.266877717801655 59.74204567035066 76.07830956025771 26.12876358231568 54.95401428887646 70.70743439437048 74.68167586967208 43.30559381247779 19.81977860810059 11.46975831182869 39.180095555151 56.50584583881827 21.45417584888402 84.24052426799706 69.37202197371958 68.92581929713992 60.97224970916673 50.44585360222123 61.10571652858457 38.07781632718669 37.25870675837687 38.29697786893216 17.13572323559167 50.92802020203677 17.59765264409143 15.74401713335623
 19.63423253212961 49.22724694358966 53.55491908472956 36.53485059238318 30.40231690310678 0 71.83769076276953 66.35092648735466 46.82769917754592 43.63744413544619 33.99459166317882 23.93290464209145 42.60141191707657 22.78919383643848 30.54588239852069 31.94954557060772 46.01043739175326 34.05550899975843 47.39750652715349 32.43676762509958 25.4123522758048 16.89472106570541 16.6307229042804 29.49089118463645 44.79703391362644 33.38600094688375 55.2802703664224 38.658774418245 42.57076273862499 18.05796584816214 50.53698800713598 45.11662089786238 46.25380314324202 51.85476877627701 50.00210460171994 24.78032353727285 14.21654209960372 63.7786585735252 30.17671036270076 63.17976049271044 49.82809360257491 67.70085916177671 30.05811606364521 24.14266937744678 46.54841897701284 26.58568258149754 46.64989758262633 28.44461109059952 24.83709322466763 18.86031207322982 65.05968726436902 75.12320973889726 48.79222216891068 33.15732814586321 8.772307128057831 62.90035315651717 42.95479317466021 41.4413678565737 58.33789710723726 20.07583958527412 53.4284086698196 22.23006624251991 16.4193657209318 20.84027496465186 31.83682773866669 44.39887842766113 36.01943601876807 40.59080095573534 46.61288769424137 5.244675984552387 27.00951326882503 52.73704655559185 62.55575259822662 55.66085585056656 41.89337406775328 56.36804636079707 35.05089575443021 44.30489354677886 43.32906234199034 61.84977688046778 41.55234310887475 67.176168434617 42.68608211678553 57.10790333497038 42.86628600080843 64.82136910597536 44.60925100694274 27.04416290432824 30.54511753456705 49.26979183643033 13.27683204976567 57.25003260251077 40.46734528113689 48.54215427494302 13.49428919776854 18.80214623497923 39.65859086256584 29.48572033990309 34.32216342098771 19.81622953612943 54.61967829166871 46.87054156660805 60.27122681001864 32.189337492101 36.88908159087125 31.41042479199582 14.14755087198388 40.44658588945362 12.2734670199209 21.79357006674571 34.81653809869677 20.63030400038177 43.14108652680455
 84.68512078353992 98.14560277597202 29.56257437850888 38.22050043774549 77.592981780228 71.83769076276953 0 71.56501478231912 25.35891200804569 69.0856035954981 94.11945216113317 88.41790046621718 75.97822396158851 87.69065064702133 41.84316428944944 93.57435990800873 77.68937380994618 105.8911675700424 61.65530641845848 44.20220925429925 96.864951723394 74.61433992888851 80.79600140421832 70.96571947749305 70.20539211359932 86.34362269260896 81.32078047950483 36.04492718924573 34.22765429600642 83.02905056295536 67.82660998207109 61.76129541821523 30.93845698782141 84.569120557275 40.08830421010698 82.58377683664462 85.80694648949886 65.69493498887063 41.76867299802691 47.14101313408258 41.26929764260033 89.68663792584307 51.67078501175462 73.95600745411315 65.28919634987957 71.66388983226676 49.21741098883559 100.0436302723807 66.19965975400024 60.47515657683687 17.95173327317086 92.13756728909941 80.05318108520423 81.16884503472758 79.93568113160438 10.02587601521565 81.08612806792243 49.84944764591737 74.68669480233244 65.86951772725979 69.94237546492529 60.97246157363534 80.81981878153677 90.67390358895391 64.2068118225643 115.8479115444941 72.34911372674436 38.45206092201652 41.20411511677514 76.17019964284398 80.45768020058955 22.56688400274573 76.34257109984593 32.63469054442201 30.52913399399224 46.48062743972744 104.3453144964933 84.66759585705572 91.62024291285361 68.45353399606806 31.94858820831635 25.98860313262765 110.4939272746346 88.67664957374305 30.47163553762721 9.864736899524194 48.84461759190039 72.7121079036235 66.71378734310973 59.60843095579929 60.74898334851325 25.71309865291652 87.60985939822434 56.71616752451986 77.75418531534829 84.81372807069624 88.07518879680157 101.0577874748186 46.61236488380713 86.74893462053006 77.86157414556531 44.68598542975487 12.39285824234662 64.96938096236052 35.58994074480832 86.92732129449521 59.0827534297387 40.58962175761109 82.61777069875815 62.21965430127699 106.1718415603215 84.89074191748256 73.23421064938479
 85.85840510506284 46.63589514809117 80.65481530758538 69.17031977795061 94.17268835108918 66.35092648735466 71.56501478231912 0 64.06845517829775 100.446539880287 56.95402890192638 60.30826517135417 28.19664284935793 60.61391655130309 63.11628478345848 58.52705498735106 26.05130947593908 87.26150319838938 19.39434926426747 45.55741177874847 84.78179206680574 52.52388773378264 58.40369330839447 38.44751432221892 22.67794995259631 99.11870094521159 114.5670116328298 69.24244069605255 72.81224225689512 59.60377099928573 104.7701848169512 97.47925932679273 46.81885014067334 113.3715773382302 86.36418590740031 51.8163433037527 76.18391095118739 5.870931227171433 60.65631519698421 24.91016647013737 32.61292732361453 20.66871728132384 40.78193251648339 87.71162930374722 100.5403071804387 41.59948756572131 27.1889221233582 86.3656369512082 41.65023223319223 74.62750450501001 53.73945879029618 20.83737607456675 25.33420380284038 41.94171554720981 67.50946577804191 63.08648307881184 32.10578035045521 86.68267390107799 113.6724699606207 80.07834264845049 107.9060901784098 78.3472452668135 58.66221608998291 69.22876431698219 34.5257675549022 90.58897767165874 96.34673521070771 42.6809107477995 84.30287224154326 65.85415299431207 47.40848720857029 52.74381116970103 8.331789726151849 85.20455965223402 64.14838241044588 25.32683028465997 75.61285664549017 107.6421592253028 43.56633075376661 4.687919524474049 67.1499209923886 46.79312568412626 76.48936713251351 27.08266205128752 52.67435433405569 73.41412110017268 88.57308769221555 89.49999545626012 36.09285796586049 18.44564154799546 68.2451357600192 80.76147384760449 41.47675293786519 20.51630310231991 58.39848639057623 84.89968214193198 104.8650871330107 87.30147421173528 40.39006908851398 85.5687659027983 17.50338391243115 31.00841789258056 61.95859075869137 34.22002280743394 54.19624274378607 49.91646519618238 56.09640834756397 77.61541095748144 66.83162488609776 78.94447365002542 83.06072538051353 86.9122601813521 102.1309306958206
 59.38468800272467 79.16306260703865 16.61149896517634 13.57992844174201 53.56950207018528 46.82769917754592 25.35891200804569 64.06845517829775 0 48.29184636487868 72.09463613854795 65.18812226477601 59.23057241939083 64.34648293193644 16.51010969910177 71.17942430973397 61.70930395163568 80.84885702490124 48.65229228335493 23.771811871392 71.61842569547072 51.68386935315867 57.25969590939404 51.0889308149538 55.02987723078417 62.0941561723135 61.96741020764022 11.65774918864786 11.92030900622989 59.4674174299165 49.12519526178275 42.06347044857165 17.37151376990899 63.86648286710214 23.9797977301096 60.38866378127401 60.62816193736789 58.57362860081174 16.65364078361709 44.2151508748523 31.64941787305839 78.24120276077866 31.86302578570882 49.3429439218252 45.68546080230483 50.99422476527764 37.26199505956246 74.82331409761177 45.35759117219929 35.3130360993479 25.18327937540715 82.63006723102519 64.51935857340584 61.06941945005155 55.16242262237124 17.77309574005604 63.6218227011091 29.4078738374875 57.32467230866639 40.94562748827992 51.83272099081062 36.16596487895325 57.243812585585 66.35230214858893 45.44205414020765 91.12142241631126 49.57729919873532 22.0636993805076 23.04813492643434 51.3804269610583 59.01020508587239 14.52753944924415 66.26082610097754 21.20015059835317 5.187731624446323 40.00533100322815 80.32942508257494 62.33230217926459 72.37444822546496 59.90518637075191 7.292058235159523 31.93560208393296 86.97034327590178 74.00356129404264 11.54682229159277 18.06625229281175 29.7172596020335 48.47848400436848 47.42674112644026 47.65336943750493 35.40178093707264 16.97094057609666 68.34761667099977 44.8539968113949 54.00961679335465 59.48485047532512 64.55483731069461 75.82808194683329 28.04607084423675 61.40806176644077 64.64590136025797 33.11111646008558 15.35913719363076 46.27433387072784 13.0287687552973 65.55484324690153 34.85241661174987 18.82147724750635 58.05687223171672 37.4020417366234 81.47386049706465 59.62325698097491 51.90825835796855
 36.70289028843919 92.78993331968022 39.78559463314573 35.79392645142086 18.56953977268257 43.63744413544619 69.0856035954981 100.446539880287 48.29184636487868 0 77.34570781262141 66.97877606956881 82.73558333556343 65.81325869094944 38.92514102516741 75.13617284731903 86.11863697247811 64.70841443411869 81.34026421740677 55.50132880858479 54.1168941177787 59.89394005725699 60.20822765833544 69.87071068958412 82.61768270324382 25.53721126068417 14.34911666878728 37.11468213680336 36.50656032380493 61.44293655367536 7.622561363892982 7.876540550517793 61.28677851995297 15.63249375757589 29.54713946469975 68.37182639309293 48.12626831780866 96.20052441462448 41.18617947823815 87.58872488081484 72.98617373650652 107.3542650156588 59.69591069929935 21.70651843214584 5.430826293910176 67.58831831789045 74.60452928304964 57.07754094959875 63.78329015242711 27.06378145534698 73.47165395799506 113.9921251078503 89.13371240555711 75.91858704182826 50.25907239043472 64.83453768539313 84.46617176175715 19.33173793285225 14.70914728297414 23.63839329837688 10.02675934870742 23.07506999666301 59.98255268712713 61.1100917827416 69.09156596197283 76.65789430215243 9.320297794042245 60.88409229139891 27.92455411190823 48.11664375497702 70.23121872835475 62.18785363635199 99.17352672720703 37.81161079318444 44.2957083430214 81.6746031519131 73.56261379310315 16.67903044520283 86.70666981239152 95.76806481175309 41.25778813395713 79.95495540378222 81.86263648933085 98.33543843937844 54.62860801136082 59.28007406086008 20.3090879882234 18.19778417373081 69.08864462326444 82.00112841504391 34.2089081474352 44.04838575450043 83.58419684830561 80.06295671922462 57.13167970987293 37.87092815567891 23.13434760932483 57.63769639061385 60.40648616694331 39.67079303170787 93.29154404466001 72.21537953089643 62.84206909219066 69.75557645119123 49.88770220238887 75.01850043345678 46.25499170726582 29.55653675306835 53.869772481587 22.90870444915909 69.09806075130166 35.86457377301255 4.510676694336795
 45.52356701313042 18.41359268813619 83.24594507884214 65.80748335927869 62.13324906242289 33.99459166317882 94.11945216113317 56.95402890192638 72.09463613854795 77.34570781262141 0 10.4877372285321 29.01443816074455 11.6410255148486 58.42920019495114 2.586253285102245 30.90288729875033 32.9262944938403 44.2274664876831 49.92226679752626 34.89325594659694 20.77575011876986 17.45126292850017 24.61657015938949 35.71467015058118 62.1148646549938 88.03195820834225 67.55583921098311 71.96994983098843 15.949425281721 84.42136705239891 79.11119333136079 63.68835829681995 83.74670888771251 81.91387735615767 11.70634543260257 32.13407069737888 57.51338032056071 56.96198590240427 66.97215707590446 59.05204470018979 47.83391078065407 42.61776314533137 56.59668931438001 80.4929373842814 22.97500618220136 51.9694768512308 34.95372721781803 28.08955830982747 52.5911250593974 81.92132057142328 55.76363235585843 31.93735455042878 15.93258644808527 27.2455821298276 84.17985416815679 24.88488106173241 74.69250475218192 91.97238604771628 53.99569491716841 87.25181296225848 56.15163306430099 17.63531055389182 19.03308814537282 31.97933973081681 33.85268965615484 69.18228847718544 56.20802908315114 78.60301793776786 29.24588058248896 13.83098005663347 71.92069491980428 49.81728030509041 86.23883291694438 68.17442101969596 61.14296734776023 19.01715754718145 75.36220705934632 15.6207017721236 53.83283550411176 69.09729361653892 80.45931431189922 19.84220834755758 35.31077926927848 63.76661972726318 89.56223339615512 77.78985107083329 59.89069522603992 29.13743482775902 47.18957451854678 46.1156490473886 86.20350141879291 15.9621380302006 48.50295754192469 20.844645444955 44.16554771389711 68.85587692109715 35.59033042816986 47.89145268569659 43.50116539233409 39.92922459877914 55.00884163922864 81.72986298097067 31.44578813308829 59.42653627555269 7.928308781349155 38.65860527182019 71.75155472852771 23.83766753869903 55.77079166543722 27.45232663788486 46.74502924533489 76.40986041376644
 35.22746852342503 28.08312962523064 75.07246486709032 57.60064180126999 51.64649326755284 23.93290464209145 88.41790046621718 60.30826517135417 65.18812226477601 66.97877606956881 10.4877372285321 0 32.25449178011576 1.165578645499886 50.50211123456619 8.163423488018648 34.93020200763449 26.969828050125 44.90820387779294 44.5377856286709 26.28916970021825 13.83315458917468 8.110568333278584 23.49249050110979 37.85079886348166 51.77919624930579 77.5479953882423 59.48696727669802 63.7963118098733 6.094485359297515 74.11920408139098 68.96760439503784 58.88740879959829 73.26680009144218 72.94141929769204 8.598787579016246 21.92784153639468 59.85724910352777 49.30585530589471 66.41104532999948 56.53755044972003 54.4230663336798 38.13419233973701 46.12192090065785 70.23899040374745 20.83208544723221 50.33721644862602 27.04453368175343 24.51752033570494 42.73521756302556 77.7148670373529 62.37254942675413 36.73031180515311 18.61692695466535 16.78292630239339 78.66570641582548 29.55657904068902 65.13242414497795 81.57382264041006 43.76220097770486 76.91651574323633 46.16296959969842 8.195948378627973 9.78968393696894 30.28907134753142 31.47751886912044 58.73388290944344 51.66568566408901 69.58679330597461 18.98707338123882 12.95909542047719 66.8190362068563 54.04300982377109 77.77699929808459 60.90009633727907 60.08296037651874 17.12241499318275 64.90966738676966 23.79908412679524 56.62135731726638 61.46029114893651 77.31298199561432 22.11582160277295 42.16397676765883 57.95950343879598 83.04241450051387 68.27013290113436 49.43035543238174 27.55479458254362 47.68617527037022 36.56205436699011 78.29820686127462 22.5894335426098 48.40054530624901 11.58237785097875 33.8809460993523 58.51564913411322 27.85339781286455 43.50767139267437 33.33717460883357 44.40209337434622 52.65163181161596 76.12509350309574 29.99893064303637 53.02498605520613 11.78273750133827 30.65095984512154 62.94693692195318 13.35007827093688 45.71067567156606 22.98664832716833 36.45407230460368 65.96486085864377
 61.07720947393437 23.25333529588583 74.1298786403117 58.53687690303364 72.60348543697718 42.60141191707657 75.97822396158851 28.19664284935793 59.23057241939083 82.73558333556343 29.01443816074455 32.25449178011576 0 32.64023736874481 51.0849034262789 30.43025959975449 3.431241983412566 59.220735949493 16.79776470697541 35.6437341416282 57.48781622219264 26.5478948411128 31.34379748787957 13.18337851798265 7.212866099690373 75.96332607336409 95.95317278405669 59.50352858816512 63.85628741149126 32.21013155809541 88.4298220909495 81.68127099946561 45.41205317507066 93.46379113985202 76.54245143440797 23.91305129586146 49.91083109815328 28.50114618056294 48.82109815575743 39.87386893203644 35.80733103034718 25.12747370512319 27.75359271022921 66.15452701472201 84.14779730270956 16.01662914738865 27.71983287196291 58.79715160067174 18.95776764629692 55.67969579894377 60.65249674895483 32.53834388533847 6.398844618044299 13.75238627102697 41.58059529043449 66.07254209880881 5.480796756907389 73.19273918936163 97.07790564639132 59.94657928997657 91.55765820338982 59.66435028123939 31.62113420173017 41.46891822504492 14.56810166287099 62.42985976859521 76.76887582363234 38.27189837842227 73.72026987065826 40.73947682234265 19.53431750752236 53.60754713334945 21.82932132282863 78.14011328040722 57.02134970279447 35.03104549681387 47.45253104260079 86.51156306224414 17.81886109190915 24.84726784743211 59.17265751171702 56.99761371810832 48.78421224186555 15.85256084569188 48.3511924569849 74.0709335271906 75.77627528747527 68.61132784687837 13.79121982564896 19.75427699758071 48.57323437852588 75.78660685695202 14.58496044635432 21.84950827821675 32.06678239084112 59.9543390742625 82.25698249291852 59.69004273624716 31.19565546979157 60.26142140315702 12.49200908371681 31.89198111891302 64.03383409184633 13.76179903915306 46.49191692764487 21.7446849114666 36.52231496825475 66.46136426115103 40.20837059958978 59.90281154755278 54.8799959968056 62.22968446511881 83.39897837297478
 34.14387594385273 29.12669898849739 74.09170582039191 56.62522879426645 50.49773903094827 22.78919383643848 87.69065064702133 60.61391655130309 64.34648293193644 65.81325869094944 11.6410255148486 1.165578645499886 32.64023736874481 0 49.56241189850311 9.3285265647798 35.38370621905714 26.65066082718626 44.95710546830428 43.89603381618367 25.55132885127952 13.19122249727476 7.149177759011848 23.47540414562931 38.08810981473087 50.68186702359792 76.39159036037961 58.52488714751362 62.82069033947426 5.053894476946859 72.9549911082498 67.81088914188453 58.28566944217699 72.12355072847012 71.88221859998355 8.803114206838003 20.87670356212419 60.05231534645077 48.39721658052119 66.27239904526085 56.19728217036526 55.09302388425229 37.61669854724075 44.96208972946444 69.07661159629282 20.72919594610466 50.11042073984023 26.42205157190249 24.19273456594298 41.60269424881245 77.15784681267183 63.03395371996086 37.25546190905354 19.09335933928886 15.61999416397965 77.96486543086141 30.10746619902729 64.02072940075368 80.40836959073752 42.60171939573719 75.75142575625932 45.0187889958388 7.211254485352201 9.070335957565089 30.14189047533293 31.59748654971398 57.57038356271185 51.10530625290733 68.52429632869983 17.82864476878953 13.20769044353342 66.17388980049776 54.45614991685792 76.76629874917165 60.0220890266818 59.89923435108202 17.46841441492238 63.77852364244611 24.7187231636585 56.87174781349 60.54279483161184 76.87330668684116 22.80528182209099 42.88616984965328 57.24633198807737 82.23063462327332 67.16142540613735 48.26800781504387 27.44186884205593 47.70570430022038 35.46054232093349 77.34356803622589 23.38099208163742 48.35111067737436 10.585003104541 32.80075587583885 57.41632797100129 27.25528296719539 42.98463578439265 32.28567203380159 44.86596889185098 52.33728062135396 75.41628501480666 29.88220404173344 52.2517846488327 12.56410959619615 29.73369516523371 61.90733180145338 12.20085835810164 44.56117700821889 22.91343051841694 35.37128836875107 64.80114036456999
 43.14107264198513 68.06821125455089 24.84252784246234 7.642103561399924 39.52968145094002 30.54588239852069 41.84316428944944 63.11628478345848 16.51010969910177 38.92514102516741 58.42920019495114 50.50211123456619 51.0849034262789 49.56241189850311 0 57.18496040462107 54.08700240131806 64.46244552476716 44.90506891790029 17.58256105134857 55.12352661821166 37.65743420462878 42.41336333373349 40.45841499284356 48.65960151429761 47.53080408404701 53.26786547389551 9.153455110419328 13.62118509587613 44.55109756134055 42.12663611534293 34.73744003064078 22.91557495821185 53.60761942308134 25.47426255633321 46.85697654702264 44.17369446482038 58.37692851131025 2.464079514624895 48.66372313854176 34.07790887472095 73.40316788362458 23.91665499860273 34.47708790155453 38.0252630462847 39.51895640683401 36.34210623418889 58.33871951454339 34.12070233121863 19.63852091420621 38.56502754684617 79.0488825648347 57.10619721313 49.61762875430501 39.06527197925976 33.6608041364323 54.53670856437099 23.57206224455977 50.98986354632804 25.70273919809199 45.20679714425023 21.36529093041664 42.35590645581332 50.60355260450634 36.52290613442202 74.9396735585341 37.51490185126917 21.98231530051739 22.64413480250012 35.29298791818571 46.29407191270206 26.02143574718231 63.20060942056354 28.10999723590337 11.42112843806822 42.80304289525083 64.75530883214721 50.24698968571616 61.26593655016551 58.52982942306322 11.1068822308585 43.28620452709699 71.76947043938424 66.79185773303183 16.75335642206347 34.32882977718027 25.60099218356542 34.27272888493066 37.73857686054648 44.93634782062398 18.907608203018 27.82290674779438 57.3764643684957 42.62085166342882 39.00872163260863 43.16728433902371 50.92208878115294 59.33907036907403 22.801320104377 45.05142706871954 59.19709418721714 33.52812284712633 31.08466820626886 37.33850221889127 11.18763164355957 52.68157201762588 19.87931315941374 15.40482611170497 42.14584252559477 22.51856205965037 65.33477695138237 43.45385775429197 41.59655693410615
 43.00842579268831 20.98852066795266 81.95161367328781 64.48547521565749 59.74319873939267 31.94954557060772 93.57435990800873 58.52705498735106 71.17942430973397 75.13617284731903 2.586253285102245 8.163423488018648 30.43025959975449 9.3285265647798 57.18496040462107 0 32.5099836856748 30.59707279561165 45.16366784450845 49.38281884085755 32.32710899821689 19.57892465947041 15.57210241229529 24.93922587078947 36.93438407322422 59.60651784978656 85.67876248229997 66.28015920966787 70.66559052826892 13.90186400425093 82.25993919587073 77.04582805785894 63.34394159214176 81.33165592488915 80.34545635957032 10.99723032159814 29.6068805629727 58.87132957248554 55.79828172565205 67.69434412339582 59.2816287383078 50.02051716761139 42.28327865854278 54.26952449936572 78.36286078728216 23.01626797284668 52.3918800682602 32.43167729361947 27.86313431507011 50.65697932027187 81.76647527016841 57.96635651717641 33.71664218269448 16.98217293840568 24.94308494865054 83.67625786357644 26.58095337186969 72.89603732328816 89.73630065307412 51.87375531902784 85.0669766305713 54.15890359186164 15.73161790335428 16.45165478491357 32.26305580232361 32.08815508191412 66.89437390321173 55.91241599709365 77.01681461696928 27.09623872226715 13.86314342140784 71.5120223052655 51.55301033790734 84.85094073448963 67.14459616811826 61.73249347057783 17.13981617859364 72.91214364440133 17.96571094964556 55.27717582009848 67.95867148332556 80.57563967301012 18.90694113310026 37.51435226006241 63.14993728500995 88.77981954076047 76.01117431951411 57.58728560733812 29.41521494941192 48.09688293285677 44.29945586932286 84.99792439806698 17.98028856716911 49.27631079708593 19.03216545187874 41.64794908656237 66.34775176358404 33.08317378570622 47.60773954542574 40.95885054952591 41.68215524947511 55.264710406334 81.19818947831368 31.78319468689894 58.63452055543296 8.792625814549345 37.33760060273418 70.23570443178787 21.47088048731472 53.74305320483184 25.28792960971507 44.22798829106059 74.12593478095926
 64.40842494867348 22.98357244955368 76.84386980708607 61.48395253456706 76.03326244342666 46.01043739175326 77.68937380994618 26.05130947593908 61.70930395163568 86.11863697247811 30.90288729875033 34.93020200763449 3.431241983412566 35.38370621905714 54.08700240131806 32.5099836856748 0 61.84363306886583 17.19066535051511 38.29252331966818 60.46061110962302 29.86470506961428 34.45905981393569 16.61332088514304 7.635643716908186 79.36214970236848 99.36492297719788 62.38985578557293 66.70802057443755 35.22954503837646 91.77368444070163 84.99644303811813 47.39077380147997 96.89213795307013 79.51131258285911 26.75502023476047 53.10828153443514 26.97160528306533 51.79245847942914 39.83193000581772 37.03351207417251 21.70309600372599 30.53428317300817 69.58521585132574 87.48908394322488 19.42520004495375 28.89364148823134 61.67800109854088 22.35630968621491 59.06881786519119 61.95965367816545 29.15648076693815 3.055787978834574 16.31467473602282 44.84485910249576 67.85579941151293 6.111970560863414 76.38035018852594 100.4379308346745 63.36690940311107 94.90477723259279 63.05138607102502 34.73944300592358 44.30894443064649 17.66008300076099 64.59500377967325 80.18925566870996 40.42134570188954 76.73111072085402 44.08283172784441 22.43239832357367 55.47581592550372 19.16346649136899 80.91360362459378 59.6812309303907 35.44687172966152 49.62981976861281 89.94207014337093 18.31519068175115 23.08457431455962 61.91884821711194 57.88308589775552 50.48746345064777 12.70853681363476 50.66738958945255 76.14760509538503 78.93133816369632 72.04199385941536 17.09648148914961 20.00207087664754 51.97171990142491 78.38201937241344 15.63540190788664 22.39964200411019 35.31278980035614 63.27498369236113 85.66828670933334 62.55294045745822 33.67229881223307 63.55132920041275 9.485695708238374 33.23844042306155 65.89226121168895 16.87840915420609 49.09943624328923 24.00256289224474 39.88657072354408 69.4833410963831 43.37650073496809 63.30010631329518 57.31024476196771 65.56627113253887 86.80749249626663
 28.09446738181323 50.68989300737088 86.23945588352396 69.93163682539166 46.28187643026741 34.05550899975843 105.8911675700424 87.26150319838938 80.84885702490124 64.70841443411869 32.9262944938403 26.969828050125 59.220735949493 26.65066082718626 64.46244552476716 30.59707279561165 61.84363306886583 0 71.26851193083979 64.95274063312509 10.7196987700669 37.04737597146324 30.0990002475845 49.74816009720946 64.72840528185178 41.76505250413135 70.88500744511759 72.12726350478525 75.72454091237404 28.37566267460362 72.32700798309499 69.52017739612069 79.33081831417387 65.00789220648659 80.95633984623744 35.4530716375336 20.40640388852597 86.64585670864126 64.21131022046494 91.64925034327672 80.20806590574821 80.55417353086317 60.4601853967033 43.52337532354974 69.40210576674031 46.79597598449994 75.07938186122597 7.631224689751334 49.16637144244972 49.08304386316795 98.37817195854245 88.5113556428801 63.51331563490721 45.53761043089872 26.21824480820572 96.88363730261688 56.30625204710385 70.60339776659646 77.63819993510926 46.4743332661989 74.42429574736525 50.8742223554765 29.90115913972195 18.43662055744141 55.85887754015535 11.97027286783326 55.39704827740165 72.93073889172609 77.63178218425344 29.89332465756143 39.8583359913799 86.34182995133241 80.98656457665292 87.69185383915431 75.86378737514657 85.04407477753251 15.54432456524178 56.04803015381889 48.53981337424145 83.51431251177952 75.32723417792732 99.57730842282514 22.00904816757225 68.07585241461823 76.60200669721449 98.7896682499467 73.72480336974341 46.92627071125433 53.34769053937777 73.91475897804996 46.07143875806719 90.22564781190877 48.42955213912053 74.29676752314251 31.57995738124399 27.03020232725355 47.77585224459563 7.12541656880221 65.54344814729077 25.11145956523794 71.28957525157315 76.6293767334784 94.25553900600083 55.73331253435078 70.7610426633328 38.09853579262444 47.34296429833617 72.48035267094053 24.22555058372144 49.87313183519793 6.566075655136796 28.8617039421686 62.00542018575456
 67.00993033887116 39.95716723631193 64.8038646193943 51.51461677025202 74.78586461114186 47.39750652715349 61.65530641845848 19.39434926426747 48.65229228335493 81.34026421740677 44.2274664876831 44.90820387779294 16.79776470697541 44.95710546830428 44.90506891790029 45.16366784450845 17.19066535051511 71.26851193083979 0 27.41773335663162 67.47693353782716 34.89120498688352 41.4037712216759 21.53085475086918 9.682980337068409 79.84755008822046 95.37351222699009 51.89766101513609 55.82532180528538 42.943532240332 85.92874812763428 78.71373577612984 32.56243963187016 94.03900455556106 69.25910492299779 36.34411791254996 58.1322902349162 16.38677458113181 42.44714749889635 23.14503489550342 20.43849311220532 29.58910039304213 21.6738235608572 68.33037197330393 81.66798584215164 24.48213669214852 12.45018397780253 69.3939743406895 23.18801981373874 55.2824736213284 45.24982096832068 34.36290831998434 18.95665120490316 28.29490971781163 49.39569736812137 52.07020235164374 22.25576912701293 68.40038420064288 94.81680293723012 60.68977712462818 89.07716647762749 59.03580960915236 41.63399763035103 52.85958584182685 15.97311285375801 76.26611091790188 77.01184629209938 26.59043924477717 66.8995239970527 47.36820782764381 32.13240084220303 40.08771682039965 18.29895311239797 69.18602419887786 47.70547076877493 18.28989244476633 61.48166232362788 88.24906106237094 34.59885402033109 14.73319601651325 50.42962349064788 40.76132947750148 64.01633678747017 27.03749089408488 37.13613507557027 61.15976410392171 70.50605915883823 70.10567975565591 18.10728848861319 2.999847163343437 48.85406120190451 65.62288348765539 31.20314547596717 5.227701322174775 40.77856286053056 66.11408133063529 85.5234679158136 70.38242071414746 22.18823864462805 66.91433357590806 16.36118066371709 17.0107900924655 50.33146319231793 15.87473126069997 37.21255269541688 36.41157455575036 36.70805781416526 59.92804615535061 49.19945537160289 59.60663951544224 67.86823011355263 68.02484976978802 82.89129901059439
